function [HIEMDamageNodes, HIEMDamageElements] = SMM2HIEM_mapping_Init

%SMM Nodal Points
% Xex_SMM = [0;0;2.5;-2.5;0;0;1.76776695;1.76776695;-1.76776695;-1.76776695;0;-1.76776695;1.76776695;1.43881643;-1.45326519;-1.43882525;1.45327044];
% Yex_SMM = [0;2.5;0;0;0;1.76776695;1.76776695;0;1.76776695;0;1.76776695;0;0;1.43801594;1.43797874;1.43798959;1.43797982];
% Zex_SMM = [2.5;0;0;0;-2.5;1.76776695;0;1.76776695;0;1.76776695;-1.76776695;-1.76776695;-1.76776695;1.45324361;1.43883193;-1.45326114;-1.43882561];

% SMM Gauss Points
SMMGP = [1.57773796336167,1.87418493207300,0.185270642439453;0.212969190614532,2.41583168045418,0.213221548461420;1.34756793866235,1.57837928930395,1.35921367218701;0.183734251153680,1.87418493207300,1.57927435464744;1.83408894502092,2.25216347162989,0.272408561799612;0.303176204659551,2.85975549573877,0.303753617319613;1.57586641628374,1.92030925944900,1.58933610751203;0.270378189344910,2.25216347162989,1.83611931747562;0.895962653807759,2.14642788654225,0.199857943775460;1.46326202783167,1.72770169096713,0.772854005638253;0.198960797703765,2.14642788654225,0.896859799879454;0.766260171727671,1.72770169096713,1.46985586174225;1.71310660611980,2.07993933933409,0.236065485320204;0.265265849565542,2.65455872557912,0.265713466091189;1.46891032940154,1.76610941185912,1.48150077305019;0.234249372177796,2.07993933933409,1.71492271926220;1.10638676877067,2.64395348938332,0.326007077831304;1.74273187458276,2.17423037123844,0.968798322927511;0.324531390932660,2.64395348938332,1.10786245566931;0.960876496744753,2.17423037123844,1.75065370076552;0.831111412767715,1.93706478875469,0.834856902758854;1.00117471128921,2.39519068796279,0.262932510803382;1.60299695120721,1.95096603110279,0.870826164282882;0.261746094318212,2.39519068796279,1.00236112777438;0.863568334236212,1.95096603110279,1.61025478125388;1.03363163275771,2.40909193031088,1.03833038929841;0.932371522762712,2.17307835953279,0.936593646028632;2.41583358331095,0.212949999013160,0.213216334130503;1.87425807963995,1.57764752705012,0.185265428108537;1.87425807963995,0.183643814842130,1.57926914031653;1.57901335462903,1.34691658459266,1.35920845785609;2.85971996238396,0.303115184402876,0.303724496496036;2.25220855790269,1.83394730513664,0.272379440976034;2.25220855790269,0.270236549460633,1.83609019665204;1.92098907327789,1.57509004884337,1.58930698668845;2.14646505387313,0.895907466617985,0.199852508938548;2.14646505387313,0.198905610513991,0.896854365042542;1.72805493953217,1.46289075940774,0.772848570801341;1.72805493953217,0.765888903303743,1.46985042690534;2.65453768378239,0.265221335778858,0.265693694354535;2.07999422970625,1.71298616016422,0.236045713583551;2.07999422970625,0.234128926222222,1.71490294752555;1.76676212488839,1.46819206078886,1.48148100131353;2.64393608225665,1.10626230348567,0.325964288738205;2.64393608225665,0.324406925647667,1.10781966657621;2.17457063770361,1.74224973570592,0.968755533834412;2.17457063770361,0.960394357867914,1.75061091167242;1.93725999670265,0.830898184960864,0.834851467921941;2.39520056806489,1.00108488505183,0.262908398838376;2.39520056806489,0.261656268080829,1.00233701580938;1.95131278861789,1.60257024755683,0.870802052317876;1.95131278861789,0.863141630585829,1.61023066928888;2.40925335998013,1.03332833067679,1.03828760020531;2.17325667834139,0.932113257818829,0.936569534063626;1.34746931949993,1.34682317973077,1.59044086136633;0.183635631991262,1.57755412218823,1.87557624413837;1.57763934419925,0.183550409980237,1.87557624413837;0.212870571452114,0.212856594151267,2.41586771437049;1.57531565123331,1.57456840444679,1.93324001873107;0.269827424294482,1.83342566074007,2.25302018458228;1.83353817997049,0.269714905064055,2.25302018458228;0.302625439609123,0.302593540006297,2.85907862926891;0.766157382113288,1.46279340459859,1.73442131818182;1.46315923821728,0.765791548494595,1.73442131818182;0.198858008089381,0.895810111808837,2.14713474468390;0.895859864193376,0.198808255704843,2.14713474468390;1.46853638456766,1.46783788757639,1.77852509466944;0.233875427343916,1.71263198695176,2.08098286898106;1.71273266128592,0.233774753009758,2.08098286898106;0.264891904731662,0.264867162566394,2.65415782644044;0.960067222345085,1.74148325014996,2.18070168258183;1.74192260018309,0.959627872311953,2.18070168258183;0.323722116532991,1.10549581792971,2.64362098785075;1.10557749437100,0.323640440091705,2.64362098785075;0.831008623153332,0.830800830151716,1.94077803143286;0.863112302229186,1.60213832737427,1.95756150038182;1.60254091920019,0.862709710403274,1.95756150038182;0.261290062311186,1.00065296486927,2.39537786626732;1.00071867928219,0.261224347898274,2.39537786626732;1.03282235835804,1.03256184512083,2.41216133521629;0.931915490755686,0.931681337636274,2.17646968332457;-0.185273182696771,1.87418153380073,1.57773985463069;-0.213222168438263,2.41583159290697,0.212969702996883;-1.35923133103230,1.57834982531432,1.34758068606394;-1.57927689490476,1.87418153380073,0.183736142422700;-0.272412950165893,2.25216138235882,1.83409246858865;-0.303755835209268,2.85975715199310,0.303178172174690;-1.58935758428923,1.92027768122775,1.57588219083164;-1.83612370584190,2.25216138235882,0.270381712912641;-0.199859538295426,2.14642616030029,0.895963868817378;-0.772864119592446,1.72768527650396,1.46326936035090;-0.896861394399420,2.14642616030029,0.198962012713383;-1.46986597569644,1.72768527650396,0.766267504246910;-0.236069119729004,2.07993679240765,1.71310946923944;-0.265715055121437,2.65455970677791,0.265267245215555;-1.48152051095844,1.76607908759891,1.46892474607755;-1.71492635367100,2.07993679240765,0.234252235297439;-0.326011273735509,2.64395430604275,1.10639033153046;-0.968812148275489,2.17421457066008,1.74274234085894;-1.10786665157351,2.64395430604275,0.324534953692459;-1.75066752611349,2.17421457066008,0.960886963020932;-0.834862756995933,1.93705571840212,0.831115686532144;-0.262935406015467,2.39519023317152,1.00117710017392;-0.870838133933967,1.95094992358202,1.60300585060492;-1.00236402298647,2.39519023317152,0.261748483202921;-1.61026675090497,1.95094992358202,0.863577233633921;-1.03833939992450,2.40908443835141,1.03363864727570;-0.936601078460217,2.17307007837677,0.932377166903921;-0.213216611204974,0.212949248749611,2.41583362163797;-0.185267625463482,1.57764346606151,1.87425949685363;-1.57927133767147,0.183639753853521,1.87425949685363;-1.35922577379901,1.34688645788670,1.57902562797528;-0.303724799355809,0.303113139540838,2.85971928241045;-0.272381914312434,1.83394151474921,2.25220943398177;-1.83609266998845,0.270230759073196,2.25220943398177;-1.58932654843577,1.57505476950574,1.92100220033714;-0.199853746055329,0.895905049634436,2.14646577478034;-0.896855602159323,0.198903193530441,2.14646577478034;-0.772858327352349,1.46287365420298,1.72806177794900;-1.46986018345634,0.765871798098988,1.72806177794900;-0.265693983165153,0.265219804085180,2.65453728190603;-0.236048047772719,1.71298110034531,2.07999529529953;-1.71490528171472,0.234123866403314,2.07999529529953;-1.48149943900215,1.46815922363618,1.76677474403803;-0.325965670766228,1.10625768185753,2.64393575489164;-1.10782104860423,0.324402304019526,2.64393575489164;-0.968766545306208,1.74222849683998,2.17457721385499;-1.75062192314421,0.960373119001979,2.17457721385499;-0.834856964755836,0.830888423866712,1.93726377636467;-0.262909708410779,1.00108136574598,2.39520076483599;-1.00233832538178,0.261652748774983,2.39520076483599;-0.870812436329278,1.60255107552148,1.95131949590199;-1.61024105330028,0.863122458550483,1.95131949590199;-1.03829379695522,1.03331540042976,2.40925648437331;-0.936575380855529,0.932101912148233,2.17326013036899;-2.41586776646573,0.212855805761765,0.212870702808276;-1.87557821651409,0.183546310865676,1.57764085444208;-1.87557821651409,1.57755002307366,0.183637142234093;-1.59045795233003,1.34679301489886,1.34748168587533;-2.85907767567213,0.302591282219695,0.302625279181752;-2.25302140146212,0.269708901752053,1.83353957559571;-2.25302140146212,1.83341965742806,