function [Bmap, Temp2HIEM]=STM2HIEM_mapping_Init
% STM_EN40
IEN_ADJ=[1,2,3,4,5,6,7,8,9,10,11,12,13,14,15,16,17,18,19,20,21,22,23,24,25,26,27,28,29,30,31,32,33,34,35,36,37,38,39,40;7,6,8,9,10,0,0,0,0,0,0,0,0,0,0,13,14,12,11,15,0,0,0,0,0,21,22,23,25,24,0,0,0,0,0,31,32,33,34,35;0,0,0,0,0,2,1,3,4,5,19,18,16,17,20,0,0,0,0,0,26,27,28,30,29,0,0,0,0,0,36,37,38,39,40,0,0,0,0,0;2,1,2,1,1,7,6,6,7,7,12,6,8,11,11,3,16,2,17,17,12,11,15,22,21,18,19,20,26,27,10,7,6,25,31,5,1,2,29,36;4,3,4,3,4,8,9,9,8,9,14,11,12,13,14,17,19,16,18,19,22,21,22,23,24,27,26,27,30,28,32,31,21,33,32,37,36,26,38,37;5,18,16,5,36,12,10,13,10,31,15,13,14,15,23,18,20,19,20,28,25,23,24,25,34,29,28,30,39,29,35,33,32,35,34,40,38,37,40,39;37,38,0,0,0,33,32,0,0,0,22,21,0,0,0,0,0,26,27,0,33,24,0,0,0,38,30,0,0,0,0,35,34,0,0,0,40,39,0,0];
INN=[2,3,5,6,8,10,15,20,25,29,1,1,2,2,3,4,3,5,6,6,7,8,9,11,11,13,14,15,16,17,18,19,21,23,24,25,26,28,29,34,31,36,39,1,1,2,1,1,3,4,6,7,11,11,11,11,13,14,16,17,21,22,21,23,24,26,27,31,32,31,34,36,37,1,1,11,11,22,21,31,32;18,16,36,12,13,31,23,28,34,39,5,2,3,6,4,5,8,10,8,7,10,9,10,15,12,14,15,20,17,20,19,20,25,24,25,29,29,30,30,35,35,40,40,4,2,3,5,2,4,5,7,9,14,12,15,12,14,15,17,19,22,23,25,24,25,27,28,32,33,35,35,37,38,4,2,14,12,23,22,32,33;26,0,0,21,0,0,0,0,0,0,36,37,16,12,0,0,13,31,12,32,31,0,0,22,21,0,0,23,0,0,26,27,33,0,0,34,38,0,0,0,0,0,0,5,3,6,7,6,8,9,8,10,15,13,19,18,16,17,18,20,24,24,26,28,29,29,30,35,34,36,39,40,39,5,3,15,13,24,24,35,34;38,0,0,33,0,0,0,0,0,0,37,38,18,18,0,0,16,36,13,33,32,0,0,23,22,0,0,28,0,0,27,28,34,0,0,39,39,0,0,0,0,0,0,0,4,8,10,7,9,10,9,0,0,14,20,19,17,20,19,0,25,0,29,30,30,30,0,0,35,40,40,0,40,7,4,17,14,27,25,36,35;0,0,0,0,0,0,0,0,0,0,0,0,0,21,0,0,0,0,0,0,0,0,0,0,0,0,0,0,0,0,0,0,0,0,0,0,0,0,0,0,0,0,0,0,0,12,31,32,0,0,0,0,0,0,22,21,0,0,0,0,0,0,33,0,0,0,0,0,0,0,0,0,0,9,6,19,16,28,26,37,37;0,0,0,0,0,0,0,0,0,0,0,0,0,26,0,0,0,0,0,0,0,0,0,0,0,0,0,0,0,0,0,0,0,0,0,0,0,0,0,0,0,0,0,0,0,13,32,33,0,0,0,0,0,0,23,22,0,0,0,0,0,0,34,0,0,0,0,0,0,0,0,0,0,10,7,20,17,30,27,40,38;0,0,0,0,0,0,0,0,0,0,0,0,0,33,0,0,0,0,0,0,0,0,0,0,0,0,0,0,0,0,0,0,0,0,0,0,0,0,0,0,0,0,0,0,0,16,36,37,0,0,0,0,0,0,27,26,0,0,0,0,0,0,38,0,0,0,0,0,0,0,0,0,0,0,8,0,18,0,29,0,39;0,0,0,0,0,0,0,0,0,0,0,0,0,38,0,0,0,0,0,0,0,0,0,0,0,0,0,0,0,0,0,0,0,0,0,0,0,0,0,0,0,0,0,0,0,18,37,38,0,0,0,0,0,0,28,27,0,0,0,0,0,0,39,0,0,0,0,0,0,0,0,0,0,0,9,0,19,0,30,0,40];

% Xex_STM_rot=[0;0;0;0;0;0;0;0;0;-1.03367782000000;-0.947784305000000;-1.00382209000000;-1.08051836000000;-1.10978198000000;-1.08540976000000;-1.00506556000000;-0.947341383000000;-1.03351140000000;-1.73224521000000;-1.53118479000000;-1.76562309000000;-1.97476673000000;-2.05060959000000;-1.97478390000000;-1.76742232000000;-1.53301001000000;-1.73330247000000;-2.22800994000000;-2.55960584000000;-2.67925072000000;-2.55997181000000;-2.22908878000000;1.02138114000000;0.941107690000000;0.999611497000000;1.08273184000000;1.10978198000000;1.06991577000000;0.984814823000000;0.941342354000000;1.02965510000000;1.72727036000000;1.52298975000000;1.75544477000000;1.96738708000000;2.05060959000000;1.97225237000000;1.76380968000000;1.53234744000000;1.73024666000000;2.22304797000000;2.55738950000000;2.67925072000000;2.55933022000000;2.22831011000000];
Xex_STM_rot=[-0.100837029017617;-0.263994769292682;-0.326315480550129;-0.263994769292682;-0.100837029017617;0.100837029017617;0.263994769292682;0.326315480550129;0.263994769292682;0.100837029017617;-0.295639210166371;-0.773993500622734;-0.956708580912725;-0.773993500622734;-0.295639210166371;0.295639210166371;0.773993500622734;0.956708580912725;0.773993500622734;0.295639210166371;-0.470294067709182;-1.23124585397008;-1.52190357252180;-1.23124585397008;-0.470294067709182;0.470294067709182;1.23124585397008;1.52190357252180;1.23124585397008;0.470294067709182;-0.612899161735306;-1.60459083709935;-1.98338335072809;-1.60459083709935;-0.612899161735306;0.612899161735306;1.60459083709935;1.98338335072809;1.60459083709935;0.612899161735306;-0.713736190752923;-1.86858560639203;-2.30969883127822;-1.86858560639203;-0.713736190752923;0.713736190752923;1.86858560639203;2.30969883127822;1.86858560639203;0.713736190752923;-0.765933277875553;-2.00523935459282;-2.47861215343453;-2.00523935459282;-0.765933277875553;0.765933277875553;2.00523935459282;2.47861215343453;2.00523935459282;0.765933277875553];
% Yex_STM_rot=[0.896149278000000;1.70457721000000;2.34614921000000;2.75806379000000;2.90000010000000;2.75806379000000;2.34614921000000;1.70457721000000;0.896149278000000;1.02268374000000;1.70805979000000;2.21846032000000;2.56052566000000;2.67925072000000;2.55656838000000;2.22157574000000;1.70746112000000;1.02254450000000;0.929596126000000;1.50110805000000;1.74531209000000;1.96338022000000;2.05060959000000;1.96498120000000;1.74692738000000;1.50304580000000;0.930108190000000;0.988023102000000;1.07449460000000;1.10978198000000;1.07703972000000;0.988403559000000;1.02138114000000;1.73340523000000;2.23082709000000;2.55897045000000;2.67925072000000;2.56340289000000;2.21486259000000;1.69778323000000;1.01896763000000;0.928950131000000;1.49658537000000;1.73670852000000;1.96886313000000;2.05060959000000;1.96911669000000;1.75848770000000;1.52904570000000;0.938966513000000;0.987637579000000;1.07777727000000;1.10978198000000;1.07997453000000;0.994895399000000];
Yex_STM_rot=[2.47861215343453;2.47861215343453;2.47861215343453;2.47861215343453;2.47861215343453;2.47861215343453;2.47861215343453;2.47861215343453;2.47861215343453;2.47861215343453;2.30969883127822;2.30969883127822;2.30969883127822;2.30969883127822;2.30969883127822;2.30969883127822;2.30969883127822;2.30969883127822;2.30969883127822;2.30969883127822;1.98338335072809;1.98338335072809;1.98338335072809;1.98338335072809;1.98338335072809;1.98338335072809;1.98338335072809;1.98338335072809;1.98338335072809;1.98338335072809;1.52190357252180;1.52190357252180;1.52190357252180;1.52190357252180;1.52190357252180;1.52190357252180;1.52190357252180;1.52190357252180;1.52190357252180;1.52190357252180;0.956708580912725;0.956708580912725;0.956708580912725;0.956708580912725;0.956708580912725;0.956708580912725;0.956708580912725;0.956708580912725;0.956708580912725;0.956708580912725;0.326315480550129;0.326315480550129;0.326315480550129;0.326315480550129;0.326315480550129;0.326315480550129;0.326315480550129;0.326315480550129;0.326315480550129;0.326315480550129];
% Zex_STM_rot=[2.75806379000000;2.34614921000000;1.70457721000000;0.896149278000000;2.21867129593410e-31;-0.896149278000000;-1.70457721000000;-2.34614921000000;-2.75806379000000;2.50910902000000;2.14341712000000;1.57504761000000;0.828365028000000;7.39557098644699e-32;-0.834172249000000;-1.56985474000000;-2.14408970000000;-2.50923443000000;2.13194227000000;1.95247221000000;1.49881983000000;0.809589028000000;3.20474742746036e-31;-0.805653274000000;-1.49481189000000;-1.94954705000000;-2.13085938000000;1.57155395000000;0.838975430000000;-1.23259516440783e-32;-0.834583282000000;-1.56978381000000;2.51466918000000;2.12594032000000;1.56018817000000;0.830278277000000;7.39557098644699e-32;-0.833213925000000;-1.59201884000000;-2.15439248000000;-2.51227283000000;-2.13625574000000;-1.96232879000000;-1.52061081000000;-0.814227223000000;3.20474742746036e-31;0.801748335000000;1.48549533000000;1.92974877000000;2.12945724000000;-1.57880640000000;-0.841519654000000;-1.23259516440783e-32;0.832756698000000;1.56678557000000];
