
%% This code reads the sensor/accelerometer location on the habitat
% User can set sensor locations here
                        %       x                  y                z                
    Sensor_Location_SMM=[       0          2.90000010000000         0
                         -2.48074920704753 1.06190320882940 1.06218902593223
                          1.76776695000000 1.76776695000000         0];